G = [1,0,0; 0,1,0; 0,0,1; 1,0,1; 1,1,1; 1,1,0];
G = G';
H = [1,0,1,1,0,0; 1,1,1,0,1,0; 1,1,0,0,0,1];
Ht = H';

